,A,C,D,E,F,G,H,I,K,L,M,N,P,Q,R,S,T,V,W,Y
A,23,5,6,9,39,14,7,42,9,46,7,4,5,6,11,22,29,57,7,23
C,5,20,1,3,7,4,1,13,2,14,1,1,5,1,2,6,5,11,2,8
D,6,1,2,2,9,7,12,7,13,7,3,2,7,10,24,15,17,4,1,9
E,9,3,2,5,16,5,5,25,34,24,6,8,6,13,23,18,39,23,5,8
F,39,7,9,16,11,13,5,44,11,49,11,12,14,8,14,17,14,47,10,18
G,14,4,7,5,13,11,3,27,4,22,8,11,9,5,7,20,18,23,3,16
H,7,1,12,5,5,3,1,6,4,5,2,2,6,4,4,10,12,12,4,6
I,42,13,7,25,44,27,6,42,15,60,13,6,10,8,13,21,27,99,11,34
K,9,2,13,34,11,4,4,15,3,17,3,11,10,8,5,11,34,26,11,26
L,46,14,7,24,49,22,5,60,17,36,16,6,11,9,13,23,24,92,20,34
M,7,1,3,6,11,8,2,13,3,16,4,5,5,3,4,4,5,17,2,9
N,4,1,2,8,12,11,2,6,11,6,5,2,9,10,10,17,23,12,3,14
P,5,5,7,6,14,9,6,10,10,11,5,9,0,5,11,9,15,23,9,28
Q,6,1,10,13,8,5,4,8,8,9,3,10,5,2,11,11,21,14,10,10
R,11,2,24,23,14,7,4,13,5,13,4,10,11,11,3,11,25,22,6,20
S,22,6,15,18,17,20,10,21,11,23,4,17,9,11,11,17,45,24,7,19
T,29,5,17,39,14,18,12,27,34,24,5,23,15,21,25,45,37,49,9,26
V,57,11,4,23,47,23,12,99,26,92,17,12,23,14,22,24,49,81,10,37
W,7,2,1,5,10,3,4,11,11,20,2,3,9,10,6,7,9,10,1,11
Y,23,8,9,8,18,16,6,34,26,34,9,14,28,10,20,19,26,37,11,5