,A,C,D,E,F,G,H,I,K,L,M,N,P,Q,R,S,T,V,W,Y
A,11,5,4,9,16,27,4,27,12,35,4,4,0,5,15,18,18,49,12,20
C,5,2,2,0,5,6,4,6,0,6,1,3,0,0,1,2,2,9,1,6
D,4,2,2,8,3,2,5,5,7,4,1,5,0,3,7,6,10,7,0,1
E,9,0,8,3,7,6,5,13,22,14,1,2,0,3,16,3,17,20,3,6
F,16,5,3,7,16,23,8,34,9,34,10,1,0,3,7,8,12,63,6,18
G,27,6,2,6,23,8,4,17,2,23,6,5,0,5,12,16,8,40,12,15
H,4,4,5,5,8,4,7,1,4,4,0,1,0,2,4,2,6,14,2,7
I,27,6,5,13,34,17,1,25,14,57,13,1,0,10,6,10,24,52,7,35
K,12,0,7,22,9,2,4,14,2,14,6,5,0,11,4,16,21,21,4,12
L,35,6,4,14,34,23,4,57,14,24,10,4,0,6,11,11,21,65,9,31
M,4,1,1,1,10,6,0,13,6,10,1,2,0,5,3,5,5,9,1,7
N,4,3,5,2,1,5,1,1,5,4,2,2,0,6,3,9,9,6,5,4
P,0,0,0,0,0,0,0,0,0,0,0,0,0,0,0,0,0,0,0,0
Q,5,0,3,3,3,5,2,10,11,6,5,6,0,2,9,8,12,13,1,4
R,15,1,7,16,7,12,4,6,4,11,3,3,0,9,5,17,17,16,4,15
S,18,2,6,3,8,16,2,10,16,11,5,9,0,8,17,7,22,19,4,9
T,18,2,10,17,12,8,6,24,21,21,5,9,0,12,17,22,10,31,2,12
V,49,9,7,20,63,40,14,52,21,65,9,6,0,13,16,19,31,36,18,63
W,12,1,0,3,6,12,2,7,4,9,1,5,0,1,4,4,2,18,1,5
Y,20,6,1,6,18,15,7,35,12,31,7,4,0,4,15,9,12,63,5,8